54
128
0 0 1 0 137927
0 0 1 1 137927
1 0 2 0 36165
1 0 2 1 36165
2 0 3 0 139187
2 0 3 1 139187
3 0 4 0 60395
3 0 4 1 60395
4 0 5 0 51646
4 0 5 1 51646
5 0 6 0 76087
5 0 6 1 76087
6 0 7 0 40592
6 0 7 1 40592
7 0 8 0 80128
7 0 8 1 80128
0 1 1 1 92119
0 1 1 2 92119
0 1 1 0 92119
1 1 2 1 26381
1 1 2 2 26381
1 1 2 0 26381
2 1 3 1 80160
2 1 3 2 80160
2 1 3 0 80160
3 1 4 1 119893
3 1 4 2 119893
3 1 4 0 119893
4 1 5 1 103289
4 1 5 2 103289
4 1 5 0 103289
5 1 6 1 68999
5 1 6 2 68999
5 1 6 0 68999
6 1 7 1 62507
6 1 7 2 62507
6 1 7 0 62507
7 1 8 1 66019
7 1 8 2 66019
7 1 8 0 66019
0 2 1 2 61807
0 2 1 3 61807
0 2 1 1 61807
1 2 2 2 43430
1 2 2 3 43430
1 2 2 1 43430
2 2 3 2 67847
2 2 3 3 67847
2 2 3 1 67847
3 2 4 2 103391
3 2 4 3 103391
3 2 4 1 103391
4 2 5 2 73347
4 2 5 3 73347
4 2 5 1 73347
5 2 6 2 40780
5 2 6 3 40780
5 2 6 1 40780
6 2 7 2 62718
6 2 7 3 62718
6 2 7 1 62718
7 2 8 2 37179
7 2 8 3 37179
7 2 8 1 37179
0 3 1 3 67160
0 3 1 4 67160
0 3 1 2 67160
1 3 2 3 67762
1 3 2 4 67762
1 3 2 2 67762
2 3 3 3 85365
2 3 3 4 85365
2 3 3 2 85365
3 3 4 3 102998
3 3 4 4 102998
3 3 4 2 102998
4 3 5 3 70519
4 3 5 4 70519
4 3 5 2 70519
5 3 6 3 51726
5 3 6 4 51726
5 3 6 2 51726
6 3 7 3 69484
6 3 7 4 69484
6 3 7 2 69484
7 3 8 3 41443
7 3 8 4 41443
7 3 8 2 41443
0 4 1 4 57853
0 4 1 5 57853
0 4 1 3 57853
1 4 2 4 37896
1 4 2 5 37896
1 4 2 3 37896
2 4 3 4 82283
2 4 3 5 82283
2 4 3 3 82283
3 4 4 4 102762
3 4 4 5 102762
3 4 4 3 102762
4 4 5 4 173870
4 4 5 5 173870
4 4 5 3 173870
5 4 6 4 66556
5 4 6 5 66556
5 4 6 3 66556
6 4 7 4 65399
6 4 7 5 65399
6 4 7 3 65399
7 4 8 4 69239
7 4 8 5 69239
7 4 8 3 69239
0 5 1 5 72965
0 5 1 4 72965
1 5 2 5 79786
1 5 2 4 79786
2 5 3 5 55280
2 5 3 4 55280
3 5 4 5 46275
3 5 4 4 46275
4 5 5 5 108376
4 5 5 4 108376
5 5 6 5 122187
5 5 6 4 122187
6 5 7 5 93912
6 5 7 4 93912
7 5 8 5 103099
7 5 8 4 103099
